%YAML:1.0
---
model_type: PINHOLE
camera_name: camera
image_width: 1280
image_height: 720
distortion_parameters:
   k1: -3.248e-03
   k2: 3.0011e-02
   p1: 3.492e-03
   p2: 7.32e-04
projection_parameters:
   fx: 9.13224287e+02
   fy: 9.16067210e+02
   cx: 6.55787764e+02
   cy: 3.56828663e+02
